100 0.000065 0.000002
110 0.000075 0.000001
120 0.000087 0.000002
130 0.000102 0.000002
140 0.000117 0.000002
150 0.000145 0.000002
160 0.000132 0.000002
170 0.000138 0.000001
180 0.000156 0.000003
190 0.000174 0.000002
200 0.000194 0.000002
210 0.000226 0.000003
220 0.000262 0.000002
230 0.000251 0.000002
240 0.000277 0.000003
250 0.000303 0.000002
260 0.000342 0.000002
270 0.000268 0.000002
280 0.000275 0.000001
290 0.000295 0.000001
300 0.000316 0.000002
310 0.000337 0.000001
320 0.000359 0.000003
330 0.000381 0.000002
340 0.000427 0.000001
350 0.000428 0.000002
360 0.000457 0.000002
370 0.000489 0.000002
380 0.000567 0.000002
390 0.000532 0.000003
400 0.000562 0.000001
410 0.000709 0.000002
420 0.000711 0.000003
430 0.000656 0.000002
440 0.000690 0.000003
450 0.001110 0.000010
460 0.001113 0.000003
470 0.001108 0.000002
480 0.000821 0.000002
490 0.001278 0.000004
500 0.001266 0.000003
510 0.001296 0.000003
520 0.001311 0.000004
530 0.001334 0.000004
540 0.001361 0.000005
550 0.001525 0.000002
560 0.001456 0.000004
570 0.001611 0.000006
580 0.001871 0.000003
590 0.001637 0.000004
600 0.001686 0.000002
610 0.001289 0.000003
620 0.001302 0.000003
630 0.001486 0.000009
640 0.001666 0.000004
650 0.001482 0.000004
660 0.001410 0.000003
670 0.001454 0.000004
680 0.001597 0.000003
690 0.001599 0.000002
700 0.001590 0.000003
710 0.001632 0.000003
720 0.001680 0.000004
730 0.001805 0.000003
740 0.001772 0.000003
750 0.001820 0.000003
760 0.001869 0.000004
770 0.001994 0.000003
780 0.001973 0.000003
790 0.002021 0.000003
800 0.002073 0.000003
810 0.002160 0.000002
820 0.002179 0.000004
830 0.002247 0.000003
840 0.002311 0.000004
850 0.002364 0.000005
860 0.002394 0.000003
870 0.002451 0.000005
880 0.002591 0.000003
890 0.002563 0.000003
900 0.002620 0.000003
910 0.002680 0.000005
920 0.002768 0.000003
930 0.002798 0.000004
940 0.002886 0.000004
950 0.003089 0.000005
960 0.003487 0.000004
970 0.003132 0.000005
980 0.003110 0.000004
990 0.003170 0.000004
1000 0.003233 0.000004
1010 0.003335 0.000005
1020 0.003367 0.000004
1030 0.003454 0.000004
1040 0.003530 0.000005
1050 0.003590 0.000004
1060 0.003633 0.000004
1070 0.003704 0.000003
1080 0.003772 0.000004
1090 0.003887 0.000004
1100 0.003960 0.000004
1110 0.003988 0.000005
1120 0.004057 0.000004
1130 0.004127 0.000005
1140 0.004203 0.000005
1150 0.004306 0.000004
1160 0.004359 0.000004
1170 0.004427 0.000005
1180 0.004631 0.000005
1190 0.004580 0.000004
1200 0.004726 0.000004
1210 0.006571 0.000005
1220 0.005250 0.000005
1230 0.005179 0.000004
1240 0.005010 0.000004
1250 0.005050 0.000005
1260 0.005201 0.000005
1270 0.005243 0.000005
1280 0.005334 0.000004
1290 0.005396 0.000005
1300 0.005557 0.000006
1310 0.005632 0.000006
1320 0.005657 0.000006
1330 0.005791 0.000015
1340 0.005829 0.000005
1350 0.005930 0.000006
1360 0.005976 0.000005
1370 0.006096 0.000005
1380 0.006206 0.000005
1390 0.006278 0.000005
1400 0.006338 0.000006
1410 0.006498 0.000005
1420 0.006574 0.000006
1430 0.006633 0.000005
1440 0.006760 0.000006
1450 0.007445 0.000005
1460 0.007016 0.000005
1470 0.007377 0.000006
1480 0.007228 0.000006
1490 0.007176 0.000006
1500 0.007293 0.000006
1510 0.007393 0.000007
1520 0.007524 0.000007
1530 0.007566 0.000005
1540 0.007697 0.000006
1550 0.007860 0.000006
1560 0.007901 0.000006
1570 0.008018 0.000006
1580 0.008147 0.000006
1590 0.008225 0.000007
1600 0.008308 0.000007
1610 0.008429 0.000007
1620 0.008682 0.000007
1630 0.008615 0.000006
1640 0.008769 0.000006
1650 0.009105 0.000005
1660 0.008930 0.000006
1670 0.009161 0.000005
1680 0.009147 0.000006
1690 0.009253 0.000006
1700 0.009362 0.000006
1710 0.009550 0.000006
1720 0.009585 0.000006
1730 0.009715 0.000006
1740 0.009782 0.000006
1750 0.010014 0.000006
1760 0.010065 0.000007
1770 0.010156 0.000007
1780 0.010354 0.000007
1790 0.010424 0.000006
1800 0.010685 0.000008
1810 0.010643 0.000006
1820 0.010729 0.000007
1830 0.010846 0.000007
1840 0.011053 0.000008
1850 0.011110 0.000007
1860 0.011237 0.000007
1870 0.011344 0.000006
1880 0.011551 0.000007
1890 0.011563 0.000006
1900 0.011697 0.000007
1910 0.011957 0.000007
1920 0.011941 0.000007
1930 0.012087 0.000008
1940 0.012190 0.000008
1950 0.012341 0.000008
1960 0.012510 0.000008
1970 0.012613 0.000007
1980 0.013078 0.000018
1990 0.012827 0.000008
2000 0.012997 0.000007
2010 0.013078 0.000007
2020 0.013231 0.000008
2030 0.013312 0.000007
2040 0.013605 0.000008
2050 0.013626 0.000008
2060 0.013729 0.000007
2070 0.014001 0.000007
2080 0.014251 0.000009
2090 0.015915 0.000007
2100 0.014327 0.000009
2110 0.014522 0.000007
2120 0.014591 0.000007
2130 0.015465 0.000008
2140 0.014820 0.000008
2150 0.014986 0.000008
2160 0.015181 0.000007
2170 0.015967 0.000008
2180 0.016705 0.000009
2190 0.017830 0.000008
2200 0.016924 0.000009
2210 0.017341 0.000009
2220 0.017325 0.000009
2230 0.016123 0.000007
2240 0.016397 0.000009
2250 0.016506 0.000007
2260 0.016524 0.000008
2270 0.016666 0.000008
2280 0.016848 0.000008
2290 0.017120 0.000008
2300 0.018276 0.000008
2310 0.017921 0.000008
2320 0.017389 0.000009
2330 0.017567 0.000008
2340 0.017751 0.000008
2350 0.017859 0.000010
2360 0.018058 0.000008
2370 0.020500 0.000010
2380 0.019793 0.000009
2390 0.020043 0.000009
2400 0.020110 0.000008
2410 0.018899 0.000008
2420 0.019351 0.000008
2430 0.019300 0.000009
2440 0.019229 0.000009
2450 0.019478 0.000008
2460 0.019620 0.000010
2470 0.020283 0.000008
2480 0.019938 0.000008
2490 0.020057 0.000008
2500 0.020233 0.000009
2510 0.020436 0.000009
2520 0.020729 0.000009
2530 0.020904 0.000009
2540 0.020862 0.000009
2550 0.021052 0.000009
2560 0.022913 0.000010
2570 0.022051 0.000009
2580 0.021655 0.000009
2590 0.021738 0.000009
2600 0.021896 0.000009
2610 0.022169 0.000010
2620 0.024931 0.000012
2630 0.023628 0.000010
2640 0.022505 0.000009
2650 0.022849 0.000010
2660 0.022871 0.000010
2670 0.023183 0.000010
2680 0.023212 0.000009
2690 0.023427 0.000011
2700 0.023839 0.000009
2710 0.024727 0.000010
2720 0.024016 0.000010
2730 0.024151 0.000010
2740 0.024965 0.000010
2750 0.024434 0.000009
2760 0.024968 0.000009
2770 0.025937 0.000010
2780 0.025328 0.000010
2790 0.025228 0.000010
2800 0.025469 0.000010
2810 0.025618 0.000011
2820 0.025858 0.000009
2830 0.025942 0.000009
2840 0.026198 0.000009
2850 0.026396 0.000011
2860 0.026646 0.000010
2870 0.026775 0.000010
2880 0.026870 0.000010
2890 0.027059 0.000010
2900 0.027186 0.000010
2910 0.027439 0.000011
2920 0.027663 0.000010
2930 0.027928 0.000011
2940 0.028288 0.000011
2950 0.028155 0.000012
2960 0.028691 0.000011
2970 0.028601 0.000011
2980 0.028717 0.000011
2990 0.028980 0.000010
3000 0.029520 0.000011
3010 0.031174 0.000010
3020 0.029634 0.000010
3030 0.029898 0.000010
3040 0.030059 0.000012
3050 0.030116 0.000011
3060 0.030702 0.000010
3070 0.030549 0.000010
3080 0.030771 0.000012
3090 0.030963 0.000011
3100 0.031276 0.000011
3110 0.031451 0.000012
3120 0.032751 0.000011
3130 0.031779 0.000011
3140 0.032329 0.000012
3150 0.032168 0.000012
3160 0.032714 0.000010
3170 0.032597 0.000011
3180 0.045928 0.000018
3190 0.045388 0.000011
3200 0.033306 0.000012
3210 0.033302 0.000011
3220 0.033566 0.000011
3230 0.033825 0.000012
3240 0.034076 0.000013
3250 0.034238 0.000011
3260 0.034375 0.000012
3270 0.034935 0.000012
3280 0.034858 0.000011
3290 0.035137 0.000011
3300 0.035586 0.000012
3310 0.036987 0.000013
3320 0.035840 0.000013
3330 0.035913 0.000012
3340 0.036082 0.000012
3350 0.036382 0.000013
3360 0.036675 0.000012
3370 0.036778 0.000011
3380 0.037237 0.000012
3390 0.037385 0.000012
3400 0.038858 0.000011
3410 0.037727 0.000013
3420 0.037894 0.000012
3430 0.038319 0.000011
3440 0.038377 0.000012
3450 0.038666 0.000013
3460 0.038845 0.000013
3470 0.040302 0.000012
3480 0.039172 0.000013
3490 0.039476 0.000012
3500 0.039848 0.000012
3510 0.040000 0.000013
3520 0.040161 0.000012
3530 0.040649 0.000012
3540 0.040609 0.000012
3550 0.040825 0.000014
3560 0.042011 0.000012
3570 0.042799 0.000012
3580 0.041471 0.000013
3590 0.041755 0.000013
3600 0.041877 0.000012
3610 0.042297 0.000012
3620 0.042380 0.000012
3630 0.042971 0.000012
3640 0.042973 0.000013
3650 0.044515 0.000014
3660 0.043406 0.000013
3670 0.043646 0.000013
3680 0.044237 0.000014
3690 0.044105 0.000013
3700 0.044412 0.000013
3710 0.047599 0.000013
3720 0.044801 0.000012
3730 0.045207 0.000014
3740 0.045356 0.000013
3750 0.045640 0.000013
3760 0.046387 0.000013
3770 0.046071 0.000013
3780 0.046499 0.000013
3790 0.048427 0.000014
3800 0.047012 0.000013
3810 0.047201 0.000013
3820 0.049902 0.000014
3830 0.047516 0.000013
3840 0.047860 0.000013
3850 0.048141 0.000013
3860 0.049335 0.000026
3870 0.048693 0.000014
3880 0.048865 0.000013
3890 0.049734 0.000014
3900 0.049287 0.000013
3910 0.049825 0.000014
3920 0.052308 0.000014
3930 0.050328 0.000013
3940 0.050361 0.000013
3950 0.050681 0.000014
3960 0.051097 0.000014
3970 0.051393 0.000014
3980 0.051304 0.000014
3990 0.053381 0.000014
4000 0.051993 0.000015
4010 0.052421 0.000014
4020 0.052289 0.000014
4030 0.054354 0.000014
4040 0.052916 0.000015
4050 0.053232 0.000015
4060 0.054807 0.000013
4070 0.053747 0.000015
4080 0.054134 0.000014
4090 0.054171 0.000014
4100 0.054501 0.000015
4110 0.055724 0.000016
4120 0.059906 0.000016
4130 0.060107 0.000015
4140 0.060331 0.000016
4150 0.060934 0.000016
4160 0.061540 0.000015
4170 0.058975 0.000014
4180 0.056690 0.000014
4190 0.056998 0.000015
4200 0.057265 0.000015
4210 0.057462 0.000015
4220 0.057755 0.000014
4230 0.059731 0.000015
4240 0.058251 0.000015
4250 0.059423 0.000015
4260 0.064096 0.000015
4270 0.064172 0.000014
4280 0.064463 0.000016
4290 0.065496 0.000015
4300 0.064969 0.000017
4310 0.068941 0.000016
4320 0.066009 0.000022
4330 0.068074 0.000015
4340 0.062244 0.000015
4350 0.061484 0.000015
4360 0.061716 0.000015
4370 0.061947 0.000014
4380 0.063365 0.000015
4390 0.062381 0.000015
4400 0.062951 0.000016
4410 0.063383 0.000016
4420 0.064155 0.000017
4430 0.066179 0.000016
4440 0.067308 0.000015
4450 0.067423 0.000015
4460 0.067131 0.000015
4470 0.066440 0.000017
4480 0.069316 0.000015
4490 0.067147 0.000016
4500 0.067489 0.000016
4510 0.067272 0.000016
4520 0.067739 0.000016
4530 0.068189 0.000016
4540 0.066926 0.000016
4550 0.067147 0.000015
4560 0.067983 0.000016
4570 0.067738 0.000017
4580 0.067948 0.000017
4590 0.068576 0.000016
4600 0.068561 0.000016
4610 0.069098 0.000017
4620 0.069657 0.000016
4630 0.070911 0.000015
4640 0.069797 0.000016
4650 0.070027 0.000016
4660 0.070292 0.000015
4670 0.071889 0.000016
4680 0.071594 0.000016
4690 0.071514 0.000016
4700 0.071614 0.000016
4710 0.071982 0.000017
4720 0.072505 0.000016
4730 0.072510 0.000016
4740 0.072778 0.000018
4750 0.075600 0.000017
4760 0.073625 0.000017
4770 0.075277 0.000016
4780 0.073989 0.000017
4790 0.076166 0.000019
4800 0.075298 0.000016
4810 0.076471 0.000017
4820 0.075282 0.000016
4830 0.075859 0.000017
4840 0.076263 0.000017
4850 0.076195 0.000017
4860 0.076421 0.000018
4870 0.076897 0.000016
4880 0.077559 0.000017
4890 0.078105 0.000016
4900 0.079860 0.000016
4910 0.078297 0.000018
4920 0.078473 0.000018
4930 0.079228 0.000017
4940 0.080242 0.000017
4950 0.079580 0.000017
4960 0.080091 0.000017
4970 0.080790 0.000017
4980 0.080240 0.000018
4990 0.080782 0.000017
