10 0.000004 0.000001 
11 0.000000 0.000001 
12 0.000001 0.000001 
13 0.000002 0.000002 
14 0.000003 0.000002 
15 0.000004 0.000005 
16 0.000002 0.000006 
17 0.000003 0.000005 
18 0.000002 0.000002 
19 0.000004 0.000003 
20 0.000006 0.000006 
21 0.000002 0.000002 
22 0.000004 0.000006 
23 0.000004 0.000002 
24 0.000002 0.000006 
25 0.000002 0.000006 
26 0.000002 0.000003 
27 0.000011 0.000006 
28 0.000001 0.000007 
29 0.000004 0.000007 
30 0.000006 0.000006 
31 0.000007 0.000008 
32 0.000008 0.000006 
33 0.000007 0.000008 
34 0.000008 0.000008 
35 0.000003 0.000011 
36 0.000004 0.000009 
37 0.000006 0.000009 
38 0.000008 0.000011 
39 0.000006 0.000009 
40 0.000007 0.000012 
41 0.000002 0.000012 
42 0.000006 0.000010 
43 0.000006 0.000010 
44 0.000001 0.000009 
45 0.000002 0.000017 
46 0.000004 0.000010 
47 0.000002 0.000012 
48 0.000005 0.000010 
49 0.000000 0.000011 
50 0.000003 0.000014 
51 0.000005 0.000011 
52 0.000007 0.000014 
53 0.000008 0.000015 
54 0.000024 0.000014 
55 0.000001 0.000014 
56 0.000020 0.000016 
57 0.000017 0.000015 
58 0.000006 0.000017 
59 0.000011 0.000015 
60 0.000027 0.000018 
61 0.000067 0.000016 
62 0.000025 0.000018 
63 0.000007 0.000018 
64 0.000011 0.000020 
65 0.000005 0.000057 
66 0.000032 0.000021 
67 0.000016 0.000020 
68 0.000014 0.000023 
69 0.000035 0.000023 
70 0.000043 0.000024 
71 0.000001 0.000026 
72 0.000034 0.000025 
73 0.000023 0.000026 
74 0.000015 0.000025 
75 0.000014 0.000027 
76 0.000005 0.000028 
77 0.000033 0.000036 
78 0.000016 0.000030 
79 0.000056 0.000028 
80 0.000004 0.000029 
81 0.000005 0.000029 
82 0.000047 0.000034 
83 0.000023 0.000032 
84 0.000041 0.000033 
85 0.000010 0.000033 
86 0.000003 0.000034 
87 0.000002 0.000035 
88 0.000016 0.000034 
89 0.000017 0.000036 
90 0.000040 0.000037 
91 0.000010 0.000059 
92 0.000024 0.000043 
93 0.000035 0.000050 
94 0.000066 0.000058 
95 0.000011 0.000054 
96 0.000015 0.000083 
97 0.000014 0.000083 
98 0.000050 0.000073 
99 0.000035 0.000082 
