1 0.000003 0.000001 
2 0.000001 0.000004 
3 0.000001 0.000001 
4 0.000001 0.000002 
5 0.000001 0.000001 
6 0.000003 0.000002 
7 0.000003 0.000003 
8 0.000003 0.000002 
9 0.000005 0.000003 
10 0.000005 0.000005 
11 0.000008 0.000004 
12 0.000008 0.000006 
13 0.000014 0.000007 
14 0.000013 0.000006 
15 0.000015 0.000008 
16 0.000019 0.000008 
17 0.000023 0.000011 
18 0.000025 0.000012 
19 0.000032 0.000015 
20 0.000035 0.000015 
21 0.000042 0.000018 
22 0.000047 0.000021 
23 0.000054 0.000022 
24 0.000060 0.000025 
25 0.000069 0.000028 
26 0.000078 0.000034 
27 0.000086 0.000037 
28 0.000094 0.000039 
29 0.000106 0.000042 
30 0.000116 0.000046 
31 0.000131 0.000052 
32 0.000150 0.000057 
33 0.000158 0.000063 
34 0.000171 0.000067 
35 0.000182 0.000073 
36 0.000209 0.000080 
37 0.000225 0.000086 
38 0.000243 0.000092 
39 0.000265 0.000099 
40 0.000339 0.000110 
41 0.000459 0.000216 
42 0.000489 0.000212 
43 0.000616 0.000218 
44 0.000596 0.000214 
45 0.000591 0.000211 
46 0.000669 0.000240 
47 0.000700 0.000275 
48 0.000494 0.000202 
49 0.000773 0.000235 
50 0.000836 0.000294 
51 0.000947 0.000330 
52 0.000982 0.000253 
53 0.000655 0.000239 
54 0.000681 0.000250 
55 0.000794 0.000263 
56 0.000753 0.000277 
57 0.000793 0.000292 
58 0.000832 0.000304 
59 0.000967 0.000327 
60 0.000941 0.000339 
61 0.000956 0.000329 
62 0.001060 0.000373 
63 0.001548 0.000371 
64 0.001094 0.000384 
65 0.001098 0.000395 
66 0.001131 0.000411 
67 0.001219 0.000432 
68 0.001251 0.000447 
69 0.001295 0.000469 
70 0.001388 0.000488 
71 0.001480 0.000510 
72 0.001553 0.000532 
73 0.001534 0.000549 
74 0.001589 0.000570 
75 0.001688 0.000597 
76 0.001722 0.000621 
77 0.001784 0.000640 
78 0.001850 0.000691 
79 0.001951 0.000738 
80 0.001999 0.000718 
81 0.002073 0.000743 
82 0.002141 0.000863 
83 0.002515 0.000807 
84 0.002387 0.000828 
85 0.002407 0.000859 
86 0.003118 0.001092 
87 0.002924 0.001476 
88 0.003092 0.000957 
89 0.002853 0.000987 
90 0.002874 0.001013 
91 0.002978 0.001047 
92 0.003051 0.001079 
93 0.003128 0.001115 
94 0.003225 0.001147 
95 0.003340 0.001185 
96 0.003446 0.001225 
97 0.003541 0.001257 
98 0.003645 0.001296 
99 0.003857 0.001336 
