17 0.000000
18 0.000000
19 0.000000
20 0.000000
21 0.000000
22 0.000000
23 0.000000
24 0.000000
25 0.000000
26 0.000000
27 0.000000
28 0.000000
29 0.000000
30 0.000000
31 0.000000
32 0.000000
33 0.000000
34 0.000000
35 0.000000
36 0.000000
37 0.000000
38 0.000000
39 0.000000
40 0.000000
41 0.000000
42 0.000000
43 0.000000
44 0.000000
45 0.000000
46 0.000000
47 0.000000
48 0.000001
49 0.000001
50 0.000001
51 0.000002
52 0.000003
53 0.000005
54 0.000007
55 0.000010
56 0.000015
57 0.000021
58 0.000030
59 0.000042
60 0.000058
61 0.000081
62 0.000111
63 0.000152
64 0.000207
65 0.000281
66 0.000378
67 0.000507
68 0.000676
69 0.000897
70 0.001185
71 0.001558
72 0.002039
73 0.002658
74 0.003451
75 0.004462
76 0.005748
77 0.007376
78 0.009432
79 0.012018
80 0.015261
81 0.019315
82 0.024367
83 0.030643
84 0.038418
85 0.048023
86 0.059854
87 0.074390
88 0.092202
89 0.113972
90 0.140514
91 0.172794
92 0.211960
93 0.259372
94 0.316636
95 0.385647
96 0.468634
97 0.568219
98 0.687475
99 0.830000
100 1.000000
